$ANSIBLE_VAULT;1.1;AES256
62373265653365373038353531396465316663343530633465626663653031613365356537333235
3536343730326664633163303035643962633530613533320a643839383538623730343330393566
31323136633935623761626234356462383739346136633533643834666236663239633432656464
3434653533613035310a313561633461373839336538393161656166366362323337323331646630
64616565336263653263653933396663346538333938666133373230306266386336393737633633
39663837363864396331623963656338313537323031306636303338343135306335343463343132
34353232653939356237333638316462356162616138363732653730643732646464353533323666
32383138623536316131333332636664633062613531383463303764656164343731333161303962
39313064323932663930363533373437636366646562656366396138386231633262303938353564
36393638663766633035393266343139663138653564313235626432666533316236393866626464
33633730613434353933303235373739353534373366646331616238343230353534643433643030
64393662663131343537633663633934396662393465303364616633646363356161316232393735
35363335643566393263353339616133396433643965333235346632346234663463626135383035
38313862613536626436336164373764376137653632303638653266613433643130346261326133
61363731643035643234336430633266306563353935376566396331366265353633316232623232
65626166303336363531
